8.761716719594416247e+01
9.221600652430407763e+01
1.024310026771956927e+02
7.866708491510955525e+01
8.295046555987853765e+01
8.891020651699906807e+01
8.574086817161149554e+01
9.902613756697070357e+01
8.324289611564479685e+01
7.630827433942540949e+01
7.686965632427438777e+01
8.426500431080252440e+01
9.382327830962771031e+01
9.265585936743931939e+01
7.719687314821258894e+01
8.749498087434254501e+01
8.704401651549002850e+01
9.221431915135725887e+01
9.586445153907040151e+01
8.697406578850544179e+01
8.166292355710771744e+01
7.772836744675274190e+01
9.655110096411432608e+01
8.060337626223015661e+01
8.364223424872066914e+01
8.871616786879286565e+01
8.135311766565649805e+01
8.649907397293846145e+01
8.732625539804372750e+01
8.518926400279757161e+01
9.085451840385081823e+01
8.623281250436909318e+01
8.252995559567018802e+01
7.824122132978776278e+01
8.735100998615942558e+01
8.444446198142036053e+01
9.147201061997725446e+01
8.438471043192392074e+01
7.671111841345587834e+01
9.057880199523211218e+01
9.528760626361105324e+01
7.978739150102228450e+01
7.830419853174801403e+01
9.470005754788135732e+01
9.045906457018668334e+01
8.665884863808582850e+01
9.350424390458292123e+01
7.745084939359271914e+01
8.515794558308741102e+01
9.675151848230707685e+01
8.397084317187696456e+01
9.167836441211396448e+01
8.281565618178112231e+01
8.759621404350944829e+01
9.903201053420205824e+01
9.339903501264213048e+01
9.127347779185134868e+01
9.194853043535428583e+01
9.540172488161785225e+01
8.995356523186561049e+01
8.295279839322833482e+01
8.679449604021051812e+01
7.490653080484840132e+01
7.789770868321413388e+01
8.161033108899840727e+01
8.852323761076820574e+01
8.204879821679537599e+01
7.319259837056809204e+01
9.588496625487020708e+01
8.902334115384135771e+01
7.924545353695170036e+01
8.754927549495968719e+01
8.015985333475951791e+01
8.300909221968373686e+01
8.889057298920972983e+01
9.301141222603303049e+01
8.752681331166699863e+01
9.730892400788761165e+01
9.337685295938109675e+01
8.291055641083038097e+01
7.480925415768084008e+01
9.638861340835568114e+01
9.273094474984560520e+01
9.558123909300201149e+01
9.616712721070560121e+01
8.384569396992237955e+01
8.394887541206827564e+01
8.989828354828040347e+01
1.020060689096874142e+02
9.469463666738184315e+01
9.149347843995778362e+01
7.615185227269711277e+01
8.440835250947537816e+01
9.221475185917940109e+01
7.825439371802082178e+01
8.112780330848866583e+01
8.882842328140399957e+01
8.584868977909555099e+01
8.944620438401771878e+01
8.200410308681426841e+01
8.897518123816263369e+01
8.432689162686824602e+01
8.832036933122280686e+01
9.264825765319642414e+01
8.013899173144208987e+01
8.096747330667312781e+01
8.465738094801577063e+01
8.721060910126250576e+01
8.790232596302614354e+01
9.392814495548357456e+01
8.171489818909587655e+01
8.034138769557964110e+01
8.660945920507212747e+01
7.611802780154791037e+01
7.990557722550703090e+01
8.737544899426603706e+01
9.309881656819906937e+01
8.033789614959393077e+01
9.121328537084731636e+01
8.766803916875205971e+01
8.894794961526150701e+01
9.154384220729052402e+01
8.533583189575617212e+01
8.969519371423469067e+01
8.769629247955997187e+01
8.745232280234482403e+01
7.816486834546439866e+01
8.902047640843601073e+01
8.717824498661869370e+01
9.604792467974881731e+01
7.854468195107337181e+01
9.016488235928991912e+01
8.537798049133029110e+01
7.997268090249775696e+01
8.416235342591991753e+01
8.577205932327275661e+01
9.507324185571278008e+01
7.795939976218112122e+01
8.823713819458342300e+01
8.894633507007674211e+01
9.174354132078755697e+01
7.795315180871955363e+01
8.869115372190910307e+01
8.920511266838744291e+01
8.377193712050274144e+01
7.644825649748284491e+01
7.808437055575144825e+01
7.955237363869112244e+01
8.902844585308702108e+01
8.958140127243680695e+01
8.157150181945290512e+01
8.623669140744215156e+01
8.582848054222847622e+01
9.123072764237026888e+01
8.986141746506763184e+01
9.048326863644170714e+01
9.524177115024727414e+01
7.808070917032264902e+01
8.944335999482670729e+01
9.033710597397963227e+01
8.452805484918469858e+01
8.237555819549841374e+01
9.169829522361850138e+01
9.437431209847090940e+01
8.116433214379480887e+01
8.038900183185565140e+01
9.453564798081502829e+01
8.618309543559500696e+01
8.538414394304308530e+01
7.972667757826341983e+01
8.306609703479165319e+01
9.609754543999491716e+01
8.312084791822825025e+01
8.003284784948625941e+01
8.296587220398814111e+01
9.130454712363641079e+01
9.154376173371967695e+01
8.847146435999653136e+01
8.883743181743020045e+01
7.903239778967568441e+01
8.279479034714206875e+01
9.929213209996139256e+01
8.313830361114527534e+01
8.707054903053162320e+01
8.856251859472881449e+01
8.683535003270121422e+01
9.495888350656329635e+01
9.482313539083627063e+01
8.125639987078636750e+01
7.958209755045204759e+01
8.628254309956352586e+01
7.580046366133021252e+01
9.198373567874155299e+01
8.783954405860407633e+01
9.013065823212978955e+01
8.961775551606419299e+01
8.408796444625862421e+01
7.176300475364277531e+01
9.137333370259437970e+01
8.555740313450475298e+01
8.276726075975713570e+01
8.719260790439233233e+01
8.309858833405907319e+01
8.661427988048671978e+01
7.916595489756414850e+01
9.043724999223275063e+01
9.079149976839285330e+01
7.586288091048406557e+01
9.004523331253203366e+01
8.111026953602981848e+01
9.039830644628752054e+01
8.138024314286789718e+01
9.505066008930292298e+01
8.468857035056339555e+01
7.281510770803841126e+01
7.334136165995448664e+01
9.242589617361724663e+01
8.549182465508064865e+01
9.674709902216336843e+01
8.894226210023208523e+01
7.911249050048408549e+01
8.483725368355625562e+01
8.092781504122891079e+01
9.044405866448592235e+01
8.095116434667507122e+01
9.102418525044708986e+01
8.066786730437060271e+01
9.337907970292840787e+01
8.214201510642217841e+01
9.315312883363563401e+01
7.928882389194448876e+01
8.904232152929699851e+01
9.803860991043200102e+01
9.852498038912932543e+01
8.601278175873947873e+01
7.625075654683286075e+01
7.500358455758637888e+01
9.202574195794392153e+01
8.544766248425862898e+01
9.003719638662283842e+01
9.639313940134226755e+01
8.265879329382221385e+01
8.726554279548825832e+01
8.354495742393459068e+01
8.235368834989913012e+01
9.069222368644116727e+01
8.835965422983950646e+01
9.173383531671900926e+01
9.198629148007107403e+01
8.323269195545361754e+01
8.133414349530389131e+01
8.303166962408120355e+01
8.125087325641266034e+01
8.919825522147149854e+01
9.018255748927882109e+01
7.627021689675972027e+01
8.359427955494081175e+01
8.142493333533805355e+01
8.497138292614080513e+01
8.895658898182215069e+01
9.288823213175335525e+01
8.589382124792440720e+01
8.694797688997448404e+01
8.523746988718826856e+01
7.864463672159433827e+01
7.639101203334308821e+01
7.809229296912408813e+01
8.812896176785419300e+01
8.590389973942447455e+01
1.030342669424611017e+02
8.278731958628435450e+01
9.776560914010163117e+01
9.500910174580036482e+01
7.895451786195397403e+01
9.151812284527099450e+01
9.439117406258689869e+01
8.432642800430329544e+01
8.781283663286623664e+01
8.986641626030490215e+01
8.886065439684426792e+01
8.598908846151449836e+01
8.302947285477175399e+01
9.166901571726771181e+01
9.893851737736709140e+01
9.249695527683280716e+01
8.518634282977555472e+01
9.132933155183295071e+01
7.293633991861928223e+01
8.491815720598427220e+01
8.660130356943656693e+01
8.732624677497841503e+01
9.592748251117754421e+01
8.828668082689844709e+01
9.282434609034378070e+01
8.082825590540691962e+01
8.733117249606341659e+01
9.203280879702069228e+01
7.960774701171287404e+01
9.474926086075404896e+01
9.203715141739192518e+01
8.707181277496211180e+01
7.107100101869865227e+01
1.005938379667039015e+02
8.704396127591496679e+01
8.732589713687522703e+01
8.940214916531240874e+01
7.737707679905830105e+01
8.798588765113628085e+01
7.833974565873278095e+01
7.930302746771778288e+01
9.142786206914003344e+01
7.862986561614570746e+01
8.267723162693887673e+01
7.543233910510646467e+01
8.723712426740834758e+01
8.303548372637702357e+01
8.363068351799988420e+01
9.103289681765467378e+01
8.568458300520009630e+01
8.859733766779099540e+01
8.379105877261983437e+01
8.261013298697784535e+01
8.681106148696683533e+01
8.179337822856837192e+01
9.450253249726436877e+01
8.666200050443427472e+01
8.028276161762521212e+01
8.425173839365143635e+01
8.546831981170033998e+01
9.128455496073533482e+01
8.222934788018544339e+01
8.343974872713286572e+01
8.954874936198189062e+01
8.042712546872392920e+01
8.126559656910445995e+01
8.188407004480843909e+01
8.930817354329079194e+01
7.732119711868942602e+01
9.904979907155903618e+01
8.413051491054567066e+01
8.313870307336888743e+01
8.157398618557127179e+01
8.941234347002439620e+01
9.240942928083309482e+01
8.508679512627342945e+01
8.712872944695187982e+01
7.956836846084355841e+01
9.465064440729599937e+01
8.925730224342495944e+01
8.200007527368933324e+01
8.036473336679176782e+01
9.883345492606616745e+01
9.403798561880820728e+01
8.418353112436869878e+01
9.042174142470125275e+01
7.280306608367179422e+01
9.292600117080878874e+01
8.707288380843283448e+01
9.076196936376527447e+01
8.969191652040551332e+01
1.019229062694990375e+02
7.848603510509616399e+01
8.024991885872266550e+01
7.484428789028815743e+01
1.008248138492007513e+02
9.857005717371846742e+01
8.112657344806225979e+01
9.019292350702644967e+01
6.859630594982351681e+01
8.755183181218717436e+01
7.858686550625759537e+01
9.122929697018319928e+01
8.507616624127332727e+01
9.182926038791502776e+01
8.470493363158001898e+01
9.286233436116545192e+01
8.494708591952880283e+01
9.022459821552790515e+01
1.001323035133483188e+02
9.154356927303376779e+01
8.334016685838692240e+01
8.962306710614046779e+01
9.179734068051656948e+01
8.622347509571480373e+01
8.833822793188697631e+01
9.325546709838563686e+01
8.746975780583110804e+01
9.086088139891016624e+01
8.441245475344427973e+01
8.925906223707816878e+01
8.884874791004575911e+01
7.993903573182177524e+01
8.784901589526782573e+01
8.668079915075971087e+01
8.874961005751119103e+01
8.772406258903835408e+01
9.051328573484401829e+01
9.713816558740782625e+01
7.647334120664386603e+01
8.682276952908168255e+01
9.386819117007470936e+01
8.392219753870132593e+01
9.726855033523074212e+01
1.007102497106151731e+02
8.524548129222752380e+01
8.424882933743866431e+01
8.624631864400019765e+01
8.277020225815856236e+01
8.583426625368845464e+01
7.550998410067980160e+01
8.430799212297036149e+01
9.313421516840595871e+01
9.996452330165642763e+01
9.657256739050123429e+01
9.364325952212992377e+01
9.644499921222217154e+01
8.041446620981679416e+01
8.423649838523380140e+01
1.002004430877894094e+02
8.646318895521564230e+01
8.385185294953346613e+01
8.650649887502015645e+01
8.612398477532217100e+01
8.158596891689718689e+01
7.437809852501534635e+01
8.457816625500575469e+01
9.210304375890406448e+01
8.244723438045149067e+01
8.103266737980025880e+01
8.248330585708069407e+01
8.528786055856078008e+01
8.364558951724085034e+01
7.964723577554411804e+01
9.380326264028626326e+01
9.975114492829344215e+01
8.667997783670850254e+01
9.311049199086755834e+01
8.994437041660127363e+01
7.892338949868488385e+01
7.671880443333006383e+01
8.969770544781961519e+01
8.545347821535000321e+01
8.954482204105734411e+01
8.553350357902118617e+01
8.734472129340878155e+01
9.151018928153163756e+01
8.804296642407079787e+01
9.075424881874968719e+01
8.099071397514522630e+01
9.865261808591110082e+01
7.847262231023945844e+01
8.501071173092837796e+01
8.854725264406422980e+01
8.534138710068637579e+01
8.642921780557094280e+01
8.527209263945388784e+01
8.869845125506873273e+01
8.491711325863583681e+01
8.557759846500482581e+01
8.927273046995193795e+01
8.105044414099245387e+01
9.169554689434636430e+01
8.229727844475578991e+01
9.143348151860989503e+01
8.341764258332850090e+01
8.071383748146726589e+01
9.139811015348176682e+01
9.933494458645853342e+01
8.220278819174370710e+01
9.115520246385564462e+01
8.557989871878356780e+01
8.513809090441603189e+01
9.129910610810296134e+01
8.587894902213328407e+01
8.337277746177306881e+01
8.652513254608660986e+01
8.795523464485441423e+01
8.247774368009808654e+01
8.503770583087229795e+01
9.554571002242741429e+01
8.906647978001312538e+01
8.921214763436836392e+01
9.041256756891522173e+01
8.623058751201980954e+01
8.213680394518428329e+01
8.099472438922303752e+01
9.314318722552681606e+01
9.769151934134086446e+01
9.179708021874745327e+01
8.845191113044575104e+01
9.221256460186019410e+01
9.598015953961039770e+01
7.965122078416723639e+01
8.552540332905070386e+01
7.591246972918159486e+01
8.241496073969702252e+01
9.062518469914887476e+01
8.059915646875512607e+01
7.890722432933435471e+01
8.971697198397029638e+01
