1.111561535681588566e+02
1.240020211164518145e+02
1.022457552020036218e+02
1.200446841763991586e+02
1.103592497419533913e+02
1.183118969055344394e+02
1.130590702233279643e+02
1.090686371640984760e+02
1.248822103427716002e+02
1.273305137896526844e+02
1.035555471638720633e+02
1.098726607079398434e+02
1.005923170372232534e+02
1.136794101322093979e+02
8.549435817425988660e+01
1.187136637870055722e+02
1.206966700583928542e+02
1.132750966113832334e+02
1.128348948080526668e+02
1.099412851970950982e+02
1.112883003733552414e+02
1.211015980209590310e+02
1.048674699219273663e+02
1.010530158177000857e+02
1.024298021885201564e+02
9.866229542516984452e+01
9.104707556326728479e+01
1.080546889708378444e+02
1.216437419654468073e+02
9.698224737223709724e+01
1.152962482254482381e+02
1.016811949622830298e+02
1.195691589693782930e+02
1.154436677886153433e+02
1.168917211724290439e+02
1.158368016550329003e+02
1.215122676919272351e+02
1.055160058647874308e+02
1.202208053659111471e+02
1.265076084174575612e+02
1.170311279277110970e+02
9.627639227415647838e+01
1.092530893045870641e+02
1.013210117727515467e+02
1.180572366348291524e+02
9.155675453457698154e+01
1.037192060517351990e+02
1.138886366369847281e+02
1.021017109853202101e+02
9.935444698913343586e+01
1.196485519531685497e+02
8.969566985633727541e+01
1.070113006655311381e+02
1.224352379125652703e+02
1.134523247846715606e+02
1.084276843722975912e+02
1.036560616853939933e+02
1.054701026637933126e+02
1.166252086411902695e+02
1.149371219005812605e+02
1.066053227015966911e+02
1.155262364149971148e+02
1.338965108927919516e+02
1.213988943532696823e+02
1.020367586632254415e+02
1.205948126779327367e+02
1.107162369798333827e+02
1.090079848045594986e+02
1.266283854745653343e+02
1.118635926244876799e+02
1.058672258969569953e+02
1.227654825623903179e+02
1.097831240040104177e+02
1.019227743300720448e+02
1.017387912922070825e+02
1.104915681663442228e+02
1.035446353152049426e+02
1.167894942672143372e+02
1.105539964938405433e+02
1.136216839120128697e+02
1.289853460201118764e+02
1.131114507999068906e+02
1.060516604811644470e+02
1.096030703437866549e+02
9.828977661108471864e+01
1.000432329463421723e+02
1.020539070855133872e+02
1.101503703459221271e+02
1.114925458875881645e+02
1.043461634976307977e+02
1.110823190461435530e+02
1.181720398352333774e+02
1.116311031219342027e+02
1.013769533266074774e+02
1.113766321955696981e+02
1.094252375432043607e+02
1.156306034183752871e+02
1.139999123115083961e+02
1.218717393940084719e+02
1.149860056837620164e+02
1.143139168558084435e+02
1.096048964529702658e+02
1.110949313053620813e+02
1.162551480645063720e+02
1.030971102558971779e+02
1.036940159158769603e+02
1.113333808192724490e+02
1.072792631678683364e+02
9.958049570229910330e+01
1.020997746190122655e+02
1.142294054721748751e+02
1.028197768649161929e+02
1.096360765274638567e+02
1.175963009866213866e+02
1.077260643599285288e+02
1.129299448735163907e+02
1.019958944010483179e+02
1.164984011318668138e+02
1.107006663743936770e+02
1.176077592934228448e+02
9.736271647450760724e+01
1.072838004235838127e+02
1.307251960725022002e+02
1.229028158270341891e+02
1.087929177781402359e+02
1.034271132062648348e+02
1.194876791733282602e+02
9.055050286661669645e+01
1.277774256258904444e+02
1.242675276106845530e+02
1.048910966415774908e+02
1.297253587221093767e+02
1.029096901762480769e+02
8.891751009227341740e+01
1.083033089535090028e+02
1.079252012135433318e+02
1.098486258235259356e+02
1.087954700214838368e+02
1.056998266410717235e+02
1.103548275224332826e+02
1.113160286530498837e+02
1.171145063418307899e+02
9.251190210032201833e+01
1.014744706417246931e+02
1.131211118212255542e+02
1.119369932258428406e+02
1.044753892072441630e+02
9.450309775934253764e+01
1.005306718409929800e+02
1.259010422804181673e+02
1.159194996546237917e+02
1.201981828778136645e+02
1.067885400857006033e+02
1.123234417909433489e+02
1.095858408184713966e+02
1.177239871798737454e+02
1.183335196145081341e+02
9.567838757512618031e+01
1.091596101856582948e+02
1.003733277423418428e+02
1.201452042202035244e+02
1.153925133893830406e+02
1.150462098325868823e+02
1.200897151019226925e+02
1.117328737028946364e+02
9.809340508954409188e+01
9.614254095591218174e+01
1.196909240881641381e+02
1.148183426261088869e+02
1.212129109748215825e+02
1.215883107616611767e+02
1.114296015203546233e+02
1.026283490244888270e+02
1.201934118463487806e+02
9.478876130891823948e+01
1.092020407710895995e+02
1.075687024532035423e+02
1.142303139514003476e+02
1.256896869149253604e+02
1.013624371941869953e+02
1.075520835594270892e+02
1.418540759523087331e+02
1.169195218511775494e+02
9.313915036537153469e+01
1.183396255101427812e+02
1.295322707186848845e+02
1.079981768680070644e+02
1.016836197583074011e+02
1.179178415835415166e+02
1.186408227368444841e+02
9.297079699008493492e+01
1.059865611518759181e+02
8.318497572909339510e+01
1.173308519720858527e+02
1.048780141898159002e+02
1.209304989343285968e+02
1.066318882777372608e+02
1.134939963362719197e+02
9.797569721654856778e+01
1.027115596099852155e+02
1.191409626640623287e+02
9.597475815838325275e+01
1.059735756502461754e+02
1.142725707643369901e+02
1.051920408685377026e+02
1.209199302586850422e+02
1.138783539550589836e+02
1.163992514869563024e+02
1.117410587177590600e+02
1.133450309811293693e+02
1.173577350274038054e+02
1.019765525496749206e+02
8.968624541520635773e+01
8.665924327801504035e+01
1.096092464021317312e+02
9.802146721546716890e+01
1.077122608368519963e+02
1.103172560849552326e+02
1.221234109721876848e+02
1.071129518286341096e+02
8.402484497494064897e+01
1.291564172973648112e+02
1.141640812551492843e+02
9.830348273363125600e+01
1.294810977692481231e+02
1.203296231928995326e+02
1.180588924502019381e+02
1.025079217694158871e+02
9.921938160251551153e+01
1.046280559225782696e+02
1.074276375205722331e+02
1.244167202136994916e+02
1.128829087088186327e+02
1.137059385758052912e+02
1.072925912656848340e+02
1.249868190029597628e+02
1.049256949243837198e+02
9.941844052068225324e+01
1.222020163991835773e+02
1.072685986332748342e+02
1.068649959147050055e+02
1.194990202098005909e+02
1.225386390376016408e+02
1.117775593982821789e+02
1.046853376319841544e+02
9.191235730617628974e+01
1.118480351730475633e+02
1.102328212577378537e+02
1.013719772949115878e+02
1.198342636223492974e+02
1.113149319866990510e+02
1.160211630381069909e+02
1.220154881107289526e+02
1.047367016101432569e+02
1.104056078777593513e+02
1.208123333719400563e+02
1.160413560846344154e+02
1.106388794501218200e+02
1.241834077159349903e+02
1.268463775501876114e+02
1.122287423177821069e+02
1.078106766406127406e+02
1.206397853599901850e+02
9.764693381586887710e+01
1.232219640139365850e+02
1.254988282201736354e+02
1.048310720645558547e+02
1.104231781244573654e+02
1.255659757991256242e+02
9.974933899949516558e+01
1.135296534990887665e+02
1.071503396827216932e+02
1.104724235764314670e+02
1.003764006990314357e+02
1.055115759412233984e+02
9.978038146876215819e+01
1.291632959724625209e+02
1.156148668407403335e+02
1.160077536066456076e+02
1.096311860251776977e+02
8.882421514062089329e+01
1.375938049444908700e+02
1.174953164057818640e+02
1.122758491449857843e+02
9.898238469867156653e+01
1.209238342827127326e+02
1.161302579759035325e+02
1.137578030014946648e+02
1.182226672527547890e+02
9.847478816228124288e+01
1.236013002175002384e+02
1.118842927429677729e+02
9.991031981353282276e+01
1.094758468061710488e+02
1.142759497656565770e+02
9.807753369917968200e+01
1.092302911466597521e+02
9.969391830498136642e+01
1.167135538531209278e+02
1.177636696444740920e+02
1.347188233447926962e+02
9.806271316590087395e+01
1.104751999966401286e+02
1.121357237440533794e+02
9.881575328867032226e+01
1.184020305070276891e+02
1.167222543060290718e+02
1.021231473376955847e+02
9.500566262348314694e+01
9.617760626442132832e+01
1.267376237623425652e+02
1.052208578833209600e+02
1.055697259507928152e+02
1.158861629506432109e+02
1.147843108849278480e+02
1.131405553410192510e+02
1.189279401403502305e+02
1.151618616953127656e+02
1.229294724278287987e+02
1.072938147120721908e+02
1.075753555797253398e+02
1.201143852948556656e+02
1.032143622049776894e+02
1.200866097392861889e+02
1.135970836624667299e+02
1.271914333321235091e+02
9.903676215034866459e+01
1.123510608085125568e+02
1.087026171909733137e+02
1.140288091595743794e+02
9.828414423850931314e+01
9.871228332263675043e+01
1.088704873305264869e+02
9.309378870648458815e+01
1.076021162760512340e+02
1.310999607005056475e+02
1.084489354805053694e+02
1.153957576355633563e+02
1.123021817461742984e+02
1.050998026742480818e+02
9.596937901884056998e+01
1.257012125998407157e+02
1.280552714168145201e+02
1.240705698844461580e+02
1.178935236193403142e+02
1.121141775085541781e+02
1.075132477617087545e+02
9.706514536350415767e+01
1.025742855259983770e+02
1.237521036968209955e+02
1.111677576910554706e+02
1.265384838473228939e+02
9.379117697869193648e+01
1.088486668253053438e+02
1.386054225950602188e+02
1.107089484239500337e+02
1.089147590600157969e+02
1.145436180200809559e+02
1.122307260415671379e+02
1.188355189781195662e+02
1.314243273584505118e+02
1.169777732336406189e+02
1.006967958844260522e+02
1.069213095043267145e+02
1.003378051083054601e+02
1.032677272411540059e+02
1.137534832025472440e+02
1.125772959247980367e+02
1.212971227776780836e+02
9.726659247201295955e+01
1.099597710003850750e+02
1.334780819439540664e+02
1.097933396146598568e+02
1.094199170685283633e+02
1.012777633079081312e+02
1.064124934472757502e+02
1.087552116605838677e+02
8.944889124919197343e+01
1.053843708156524883e+02
1.160198290380727713e+02
1.038359785265048743e+02
1.030947278522959749e+02
1.074884551430187969e+02
1.161846217853993295e+02
1.047086484243705655e+02
1.037034877791824528e+02
1.187535317599312634e+02
9.539113876709440376e+01
9.652071287488197981e+01
1.280655196897611177e+02
9.578435108178412349e+01
1.158389338021732584e+02
1.097344905090471059e+02
1.169048767096426786e+02
1.194754649280655912e+02
1.042661784460216552e+02
1.032745806593635507e+02
1.205499926067198260e+02
9.593545708472082367e+01
1.132011582452693261e+02
1.092664669576532788e+02
9.283859218061128615e+01
1.038798620676522120e+02
1.140596707525452160e+02
1.162139270545529683e+02
1.075015859119929473e+02
1.289637151803636357e+02
1.114199664154501619e+02
1.144271126490450428e+02
1.139673039863663178e+02
1.024643986193963627e+02
1.230687604281915242e+02
1.135060542410745796e+02
1.029430458789737344e+02
1.135227040040338267e+02
9.744096381071776136e+01
9.271617461559249307e+01
1.156112254993990263e+02
9.289052016188011862e+01
1.012551890739778315e+02
1.064121836158861072e+02
1.082750219986299669e+02
1.346080881273941543e+02
1.074448884937198869e+02
1.062175212548900305e+02
1.061517714536933710e+02
1.106250763104141441e+02
1.079087595588227515e+02
1.050600192182999848e+02
9.893089599064360584e+01
9.790671061977153045e+01
1.119304159253384370e+02
1.012745501198489677e+02
9.415207156011089751e+01
1.149806603248161565e+02
1.069837217466858306e+02
1.207137279240254486e+02
1.035494795019326801e+02
1.061131621536845273e+02
1.148341782197145164e+02
9.446481929452612292e+01
1.075622806462172321e+02
9.852919851634528925e+01
1.189173828882321970e+02
1.163344483597130363e+02
9.842321356271592947e+01
1.211835013785378123e+02
9.650067163485594790e+01
8.104864087260797589e+01
1.085720584312067558e+02
1.266557160431418225e+02
1.336764712739734478e+02
1.091766914336335219e+02
1.228292147664103595e+02
1.151532870120378078e+02
1.033377892331172490e+02
9.972799825312905853e+01
1.215404231506550303e+02
1.130795058240535411e+02
1.221483111678749083e+02
1.185784454046845866e+02
9.257863492150420370e+01
1.027380051882173433e+02
1.118659436420659858e+02
1.068671617023370572e+02
1.096457259842041623e+02
1.182741937379569492e+02
1.135048407285624990e+02
9.643897420111903784e+01
1.030884419929946887e+02
9.898088209994307363e+01
1.065914151850080884e+02
1.024416742127792048e+02
1.113483123442251070e+02
1.050452724928185262e+02
1.167739756029469902e+02
1.248131343343666799e+02
1.198230236488985270e+02
1.086151246437818969e+02
1.064515551601710257e+02
1.104257946245492690e+02
1.103958166420568006e+02
9.685035255275515453e+01
9.070252057764193410e+01
1.154033206627107830e+02
1.081815885389784455e+02
1.224192169953986848e+02
1.170427010369168244e+02
1.111030727933450919e+02
1.117261133103694277e+02
1.177098043712603328e+02
1.105935177294885534e+02
1.143428145649329366e+02
9.916170859988261554e+01
1.200304511251346185e+02
1.301502862463510439e+02
1.099016574562625692e+02
1.222866403610896953e+02
1.272769100773771669e+02
1.022532939162137495e+02
