3.400000000000000000e+01
3.450000000000000000e+01
4.300000000000000000e+01
3.450000000000000000e+01
3.500000000000000000e+01
4.450000000000000000e+01
3.850000000000000000e+01
3.900000000000000000e+01
4.500000000000000000e+01
3.950000000000000000e+01
3.450000000000000000e+01
3.450000000000000000e+01
3.350000000000000000e+01
3.950000000000000000e+01
3.900000000000000000e+01
3.650000000000000000e+01
3.600000000000000000e+01
4.150000000000000000e+01
3.500000000000000000e+01
3.300000000000000000e+01
3.550000000000000000e+01
4.100000000000000000e+01
3.650000000000000000e+01
3.950000000000000000e+01
3.900000000000000000e+01
4.200000000000000000e+01
3.250000000000000000e+01
3.950000000000000000e+01
3.600000000000000000e+01
3.400000000000000000e+01
3.200000000000000000e+01
3.750000000000000000e+01
3.950000000000000000e+01
3.350000000000000000e+01
4.000000000000000000e+01
3.400000000000000000e+01
3.300000000000000000e+01
3.900000000000000000e+01
2.500000000000000000e+01
3.700000000000000000e+01
3.500000000000000000e+01
3.250000000000000000e+01
3.250000000000000000e+01
3.450000000000000000e+01
3.850000000000000000e+01
3.850000000000000000e+01
3.800000000000000000e+01
3.300000000000000000e+01
3.850000000000000000e+01
4.250000000000000000e+01
3.200000000000000000e+01
3.350000000000000000e+01
3.650000000000000000e+01
3.850000000000000000e+01
4.000000000000000000e+01
3.300000000000000000e+01
3.700000000000000000e+01
3.500000000000000000e+01
3.300000000000000000e+01
4.200000000000000000e+01
4.100000000000000000e+01
3.950000000000000000e+01
3.700000000000000000e+01
3.400000000000000000e+01
3.400000000000000000e+01
3.200000000000000000e+01
3.850000000000000000e+01
3.300000000000000000e+01
4.200000000000000000e+01
3.150000000000000000e+01
3.600000000000000000e+01
3.550000000000000000e+01
3.150000000000000000e+01
3.850000000000000000e+01
3.000000000000000000e+01
3.950000000000000000e+01
3.350000000000000000e+01
4.250000000000000000e+01
4.200000000000000000e+01
3.850000000000000000e+01
3.550000000000000000e+01
4.050000000000000000e+01
3.600000000000000000e+01
3.450000000000000000e+01
3.350000000000000000e+01
3.800000000000000000e+01
3.650000000000000000e+01
4.200000000000000000e+01
3.700000000000000000e+01
3.800000000000000000e+01
3.600000000000000000e+01
3.200000000000000000e+01
3.450000000000000000e+01
3.100000000000000000e+01
3.600000000000000000e+01
4.000000000000000000e+01
3.900000000000000000e+01
3.650000000000000000e+01
3.600000000000000000e+01
3.650000000000000000e+01
3.750000000000000000e+01
3.950000000000000000e+01
3.700000000000000000e+01
3.550000000000000000e+01
3.600000000000000000e+01
4.200000000000000000e+01
3.750000000000000000e+01
3.800000000000000000e+01
3.750000000000000000e+01
4.000000000000000000e+01
3.200000000000000000e+01
3.850000000000000000e+01
4.350000000000000000e+01
3.100000000000000000e+01
3.150000000000000000e+01
3.550000000000000000e+01
3.950000000000000000e+01
3.650000000000000000e+01
3.550000000000000000e+01
3.950000000000000000e+01
3.500000000000000000e+01
3.850000000000000000e+01
3.600000000000000000e+01
3.450000000000000000e+01
4.000000000000000000e+01
3.350000000000000000e+01
3.650000000000000000e+01
3.600000000000000000e+01
3.500000000000000000e+01
3.400000000000000000e+01
2.600000000000000000e+01
3.650000000000000000e+01
3.250000000000000000e+01
3.800000000000000000e+01
4.250000000000000000e+01
3.900000000000000000e+01
3.050000000000000000e+01
4.000000000000000000e+01
3.250000000000000000e+01
4.150000000000000000e+01
3.550000000000000000e+01
3.100000000000000000e+01
3.700000000000000000e+01
3.800000000000000000e+01
3.850000000000000000e+01
3.400000000000000000e+01
3.350000000000000000e+01
4.000000000000000000e+01
3.900000000000000000e+01
3.800000000000000000e+01
3.650000000000000000e+01
4.150000000000000000e+01
3.500000000000000000e+01
3.300000000000000000e+01
3.600000000000000000e+01
3.250000000000000000e+01
3.850000000000000000e+01
3.200000000000000000e+01
3.150000000000000000e+01
4.500000000000000000e+01
4.100000000000000000e+01
3.550000000000000000e+01
3.850000000000000000e+01
4.300000000000000000e+01
4.350000000000000000e+01
4.200000000000000000e+01
3.650000000000000000e+01
3.800000000000000000e+01
3.600000000000000000e+01
4.000000000000000000e+01
3.650000000000000000e+01
3.600000000000000000e+01
3.700000000000000000e+01
3.800000000000000000e+01
4.000000000000000000e+01
3.900000000000000000e+01
4.050000000000000000e+01
3.200000000000000000e+01
3.800000000000000000e+01
3.900000000000000000e+01
3.650000000000000000e+01
3.000000000000000000e+01
3.400000000000000000e+01
3.850000000000000000e+01
3.500000000000000000e+01
3.400000000000000000e+01
3.800000000000000000e+01
3.850000000000000000e+01
3.950000000000000000e+01
3.550000000000000000e+01
3.500000000000000000e+01
3.850000000000000000e+01
3.400000000000000000e+01
3.850000000000000000e+01
3.750000000000000000e+01
3.550000000000000000e+01
4.000000000000000000e+01
4.000000000000000000e+01
4.800000000000000000e+01
3.550000000000000000e+01
3.800000000000000000e+01
3.350000000000000000e+01
3.900000000000000000e+01
3.300000000000000000e+01
4.050000000000000000e+01
3.100000000000000000e+01
4.150000000000000000e+01
4.050000000000000000e+01
3.700000000000000000e+01
3.850000000000000000e+01
3.700000000000000000e+01
3.800000000000000000e+01
2.950000000000000000e+01
2.899999999999999645e+01
3.050000000000000000e+01
2.899999999999999645e+01
3.900000000000000000e+01
3.850000000000000000e+01
3.450000000000000000e+01
3.150000000000000000e+01
3.700000000000000000e+01
3.900000000000000000e+01
3.600000000000000000e+01
4.100000000000000000e+01
3.000000000000000000e+01
3.400000000000000000e+01
3.300000000000000000e+01
3.650000000000000000e+01
3.200000000000000000e+01
3.750000000000000000e+01
3.550000000000000000e+01
3.650000000000000000e+01
3.950000000000000000e+01
3.950000000000000000e+01
3.550000000000000000e+01
3.650000000000000000e+01
4.150000000000000000e+01
3.750000000000000000e+01
3.000000000000000000e+01
3.650000000000000000e+01
3.850000000000000000e+01
3.200000000000000000e+01
3.100000000000000000e+01
3.900000000000000000e+01
3.350000000000000000e+01
3.500000000000000000e+01
3.650000000000000000e+01
4.050000000000000000e+01
4.400000000000000000e+01
3.600000000000000000e+01
4.750000000000000000e+01
4.050000000000000000e+01
3.400000000000000000e+01
3.600000000000000000e+01
4.000000000000000000e+01
4.300000000000000000e+01
3.450000000000000000e+01
3.450000000000000000e+01
4.400000000000000000e+01
4.000000000000000000e+01
3.500000000000000000e+01
4.100000000000000000e+01
3.350000000000000000e+01
3.600000000000000000e+01
3.500000000000000000e+01
3.050000000000000000e+01
3.500000000000000000e+01
3.750000000000000000e+01
3.200000000000000000e+01
3.700000000000000000e+01
4.300000000000000000e+01
3.750000000000000000e+01
3.850000000000000000e+01
3.550000000000000000e+01
4.100000000000000000e+01
3.400000000000000000e+01
3.300000000000000000e+01
3.650000000000000000e+01
4.000000000000000000e+01
3.900000000000000000e+01
4.100000000000000000e+01
3.750000000000000000e+01
3.400000000000000000e+01
3.650000000000000000e+01
3.950000000000000000e+01
3.900000000000000000e+01
4.050000000000000000e+01
3.500000000000000000e+01
3.850000000000000000e+01
3.900000000000000000e+01
3.500000000000000000e+01
3.900000000000000000e+01
3.650000000000000000e+01
4.200000000000000000e+01
3.000000000000000000e+01
4.400000000000000000e+01
3.100000000000000000e+01
3.400000000000000000e+01
3.350000000000000000e+01
3.900000000000000000e+01
3.200000000000000000e+01
3.700000000000000000e+01
3.200000000000000000e+01
3.550000000000000000e+01
3.150000000000000000e+01
3.700000000000000000e+01
3.450000000000000000e+01
3.800000000000000000e+01
3.700000000000000000e+01
2.899999999999999645e+01
3.250000000000000000e+01
3.850000000000000000e+01
4.650000000000000000e+01
3.450000000000000000e+01
4.200000000000000000e+01
3.950000000000000000e+01
3.950000000000000000e+01
4.050000000000000000e+01
3.700000000000000000e+01
3.650000000000000000e+01
4.350000000000000000e+01
4.050000000000000000e+01
3.550000000000000000e+01
3.750000000000000000e+01
3.700000000000000000e+01
3.650000000000000000e+01
4.000000000000000000e+01
4.050000000000000000e+01
3.900000000000000000e+01
3.950000000000000000e+01
3.450000000000000000e+01
3.500000000000000000e+01
3.700000000000000000e+01
3.650000000000000000e+01
3.500000000000000000e+01
4.300000000000000000e+01
3.550000000000000000e+01
3.300000000000000000e+01
3.400000000000000000e+01
3.950000000000000000e+01
3.750000000000000000e+01
4.500000000000000000e+01
3.600000000000000000e+01
3.550000000000000000e+01
3.600000000000000000e+01
4.300000000000000000e+01
3.550000000000000000e+01
3.150000000000000000e+01
3.700000000000000000e+01
3.800000000000000000e+01
3.150000000000000000e+01
3.600000000000000000e+01
3.950000000000000000e+01
4.050000000000000000e+01
3.750000000000000000e+01
4.150000000000000000e+01
3.750000000000000000e+01
4.200000000000000000e+01
3.550000000000000000e+01
3.150000000000000000e+01
2.849999999999999645e+01
3.750000000000000000e+01
3.900000000000000000e+01
3.850000000000000000e+01
4.550000000000000000e+01
3.650000000000000000e+01
3.750000000000000000e+01
3.750000000000000000e+01
4.350000000000000000e+01
3.500000000000000000e+01
3.700000000000000000e+01
3.750000000000000000e+01
3.650000000000000000e+01
3.600000000000000000e+01
3.600000000000000000e+01
3.650000000000000000e+01
3.400000000000000000e+01
3.350000000000000000e+01
3.050000000000000000e+01
3.700000000000000000e+01
3.300000000000000000e+01
3.900000000000000000e+01
3.600000000000000000e+01
3.600000000000000000e+01
4.000000000000000000e+01
3.800000000000000000e+01
3.600000000000000000e+01
3.950000000000000000e+01
3.300000000000000000e+01
3.500000000000000000e+01
3.550000000000000000e+01
3.350000000000000000e+01
3.900000000000000000e+01
3.850000000000000000e+01
3.550000000000000000e+01
4.450000000000000000e+01
4.050000000000000000e+01
3.600000000000000000e+01
3.550000000000000000e+01
3.250000000000000000e+01
3.850000000000000000e+01
3.850000000000000000e+01
3.550000000000000000e+01
3.800000000000000000e+01
3.700000000000000000e+01
3.400000000000000000e+01
3.600000000000000000e+01
3.400000000000000000e+01
2.849999999999999645e+01
3.550000000000000000e+01
3.500000000000000000e+01
4.050000000000000000e+01
3.200000000000000000e+01
4.050000000000000000e+01
3.100000000000000000e+01
3.300000000000000000e+01
3.950000000000000000e+01
3.050000000000000000e+01
3.400000000000000000e+01
3.950000000000000000e+01
4.100000000000000000e+01
3.450000000000000000e+01
3.650000000000000000e+01
3.150000000000000000e+01
3.650000000000000000e+01
3.950000000000000000e+01
3.950000000000000000e+01
3.350000000000000000e+01
3.750000000000000000e+01
3.500000000000000000e+01
3.200000000000000000e+01
3.750000000000000000e+01
3.850000000000000000e+01
3.700000000000000000e+01
3.250000000000000000e+01
3.750000000000000000e+01
3.250000000000000000e+01
3.650000000000000000e+01
4.150000000000000000e+01
3.900000000000000000e+01
3.950000000000000000e+01
3.250000000000000000e+01
3.550000000000000000e+01
3.450000000000000000e+01
3.350000000000000000e+01
3.450000000000000000e+01
3.900000000000000000e+01
3.950000000000000000e+01
2.899999999999999645e+01
4.200000000000000000e+01
3.800000000000000000e+01
3.250000000000000000e+01
3.500000000000000000e+01
4.000000000000000000e+01
3.600000000000000000e+01
4.150000000000000000e+01
3.050000000000000000e+01
4.050000000000000000e+01
3.400000000000000000e+01
3.800000000000000000e+01
3.700000000000000000e+01
3.450000000000000000e+01
3.600000000000000000e+01
3.500000000000000000e+01
3.200000000000000000e+01
3.500000000000000000e+01
3.800000000000000000e+01
3.450000000000000000e+01
4.150000000000000000e+01
3.600000000000000000e+01
4.100000000000000000e+01
4.400000000000000000e+01
3.700000000000000000e+01
3.300000000000000000e+01
3.500000000000000000e+01
4.050000000000000000e+01
3.650000000000000000e+01
3.700000000000000000e+01
4.350000000000000000e+01
3.800000000000000000e+01
4.550000000000000000e+01
3.800000000000000000e+01
4.150000000000000000e+01
3.800000000000000000e+01
3.850000000000000000e+01
3.400000000000000000e+01
3.600000000000000000e+01
3.050000000000000000e+01
3.900000000000000000e+01
3.500000000000000000e+01
3.850000000000000000e+01
3.550000000000000000e+01
3.350000000000000000e+01
3.750000000000000000e+01
3.200000000000000000e+01
3.250000000000000000e+01
3.550000000000000000e+01
3.500000000000000000e+01
3.650000000000000000e+01
3.350000000000000000e+01
