CXCR4_low_MK	CXCR4_high_MK
9.232615672903757797e+01 3.784580029347067125e+02
2.377602755346792662e+02 9.350000000000000000e+01
0.000000000000000000e+00 3.131913049166859651e+02
8.626936408468858986e+01 4.479275746443594244e+02
2.213928315065044785e+02 1.903548677114477243e+02
0.000000000000000000e+00 1.664615340839446844e+02
2.191167863678200831e+02 1.935918152294990477e+02
2.060209821576715967e+02 8.602683209061532921e+01
1.010857133006284840e+02 1.335036764208967952e+02
3.062099032335839155e+01 2.685645679538363879e+02
1.975624902374255782e+02 3.144873814523221540e+02
3.300687898766208832e+02 2.579860840812806373e+02
2.219817807045693669e+01 3.043631616861170528e+02
8.719392398596461646e+01 3.298522227998482776e+02
1.063485185935022201e+02 3.396476289556892425e+02
4.892956348249516196e+01 6.995690849197106900e+02
0.000000000000000000e+00 2.315192299790767265e+02
1.165000000000000000e+02 3.418617284194049262e+02
2.065000000000000000e+02 1.921175737183052945e+02
1.926512234140488431e+02 6.103237919663367848e+02
2.025000000000000000e+02 5.061216668605457585e+02
1.045186899564744181e+02 4.076243713801948729e+02
7.680952023559341058e+01 6.256919393998975920e+01
3.186568055487916240e+01 1.500549081478534390e+02
2.521566315649368732e+02 2.579611295375952977e+02
2.335021186345580304e+02 0.000000000000000000e+00
3.330951894845300743e+00 1.445918080655751510e+02
1.058743512091306656e+02 1.730249270046849972e+02
2.853367592924851124e+02 2.620940286552211660e+02
5.411271941887264347e+01 1.964798984822336365e+02
0.000000000000000000e+00 7.782720538031570641e+02
8.355230967266363962e+01 1.201132129910965176e+02
6.380987860040161763e+01 3.090670072392132965e+02
3.176452795216571872e+02 3.246849629796577119e+02
1.230428213797985393e+02 7.291098687141939081e+02
9.164881836751855815e+01 2.591581739598440208e+02
6.772819946431775406e+01 3.282279849060251422e+02
1.165672079121703462e+02 6.629058911671883152e+02
1.450000000000000000e+01 3.168399442600314728e+02
2.915646187490089574e+02 0.000000000000000000e+00
2.232299271253149584e+02 6.193488562343746935e+02
1.135387866189577153e+02 1.919556504707435920e+02
1.325740537631117490e+02 5.214895037116679077e+02
0.000000000000000000e+00 3.489896869041821788e+02
2.685645679538363879e+02 0.000000000000000000e+00
2.612366110345698758e+02 2.433281572999747766e+01
2.681917065593255529e+02 6.798672031978089763e+02
8.450000000000000000e+01 2.217877615921118490e+02
2.006102834535695578e+01 3.273742184530340182e+02
2.731320010448714015e+02 2.111000936329382682e+02
8.690357934669059148e+01 3.383284025723208401e+02
4.240606639154623281e+02 3.489896869041821788e+02
3.781128874149274566e+01 1.721224498740067475e+02
1.036743848581191401e+02 6.905417527999327376e+01
4.669349550499537571e+01 4.350000000000000000e+01
4.190720662234903671e+01 2.287055362658948070e+02
1.871320343559642652e+01 2.101029162546929854e+02
1.291548517905815743e+02 8.047590011563598011e+01
0.000000000000000000e+00 2.781314308839977230e+02
1.995890892651060540e+02 9.015527507918801575e+01
9.252105029939419012e+01 7.077520679308156559e+02
0.000000000000000000e+00 5.592088667591411877e+01
2.168677324489564739e+01 1.905518065183540273e+02
2.670616373302046753e+01 4.479719747109691070e+02
3.066876452900406775e+02 2.437005768508880621e+01
8.917878707749137845e+01 6.897578999188091302e+02
1.660497317454279909e+01 2.008838735003343459e+02
1.762461179749810825e+01 2.157154898259974516e+02
3.012976300105054861e+02 7.182361670424818101e+01
5.550000000000000000e+01 6.120453604088147586e+02
1.718473544393490329e+02 1.355579588433785432e+02
0.000000000000000000e+00 1.049243920159662764e+02
1.551863976378431857e+02 2.125000000000000000e+02
1.797223915988372767e+02 1.039518670573701087e+02
6.518308503607086379e+01 3.114697437652233134e+02
9.750000000000000000e+01 1.235158720161869184e+02
1.240069168069477570e+02 2.055000000000000000e+02
3.367123228893667601e+02 2.346181140275875237e+02
1.373642198705587418e+02 7.255858465867881932e+02
1.038014581273464927e+02 1.474133082818200080e+02
3.103466077808739669e+02 3.460795063055894616e+01
1.319061010519983768e+02 1.125391237796950605e+02
1.737413118425983498e+02 1.515292180074936255e+02
1.370421083400992757e+02 1.397005625867914773e+02
4.096262762420145975e+01 1.591446720433432631e+02
2.974083193244228482e+02 2.754136556558529492e+02
4.488143096192853676e+01 3.074154027718932269e+01
3.074154027718932269e+01 2.872740499078549306e+02
3.797734623276902539e+02 7.657591289387686118e+01
6.157027391856539111e+01 2.955419433569711600e+02
2.502152547829275875e+02 1.445136048126159096e+02
1.621238135872207238e+02 2.879961273407960789e+02
1.495000000000000000e+02 9.599365461794988619e+01
1.084819805193617839e+02 3.906513703397204154e+02
3.441770831768376411e+02 2.442582403567251959e+01
2.708587386567328963e+02 1.937090721653817980e+02
8.950543462209175516e+01 6.771123895280309171e+02
1.002996408614166768e+01 7.741092968797115645e+02
3.139253466459347806e+02 4.633646178829911833e+01
2.435000000000000000e+02 1.157962383172009453e+02
2.062223035518724714e+02 6.486467917239716030e+01
2.829767941532201121e+02 1.085045044131092880e+02
1.397708684165525028e+02 2.027437575177379188e+02
3.263054135807377634e+02 2.190784285529618103e+02
8.950000000000000000e+01 1.492267280343183415e+02
2.753488797889961006e+02 8.486131867136622020e+01
0.000000000000000000e+00 3.257499047981582976e+02
9.251578816175762654e+01 1.311450522840258373e+02
0.000000000000000000e+00 2.335000000000000000e+02
1.813532023109741829e+02 1.624393828047140573e+02
1.106370849898476081e+02 1.492432041311899980e+02
2.500000000000000000e+00 8.165461959987698037e+01
7.446752561957542582e+01 7.524867548507060064e+02
2.233539350996568373e+02 1.233729518204765014e+02
2.517321773497603488e+02 2.143985938174795933e+02
1.025761628534274195e+02 2.440197760829747438e+02
2.188345883498555224e+02 1.781488306078951496e+02
1.512302832886220756e+02 6.862263607558520562e+02
9.762991560967181215e+01 1.069166349327194467e+02
9.375487000666511506e+01 3.650000000000000000e+01
1.782678068683691208e+02 5.914604363928627890e+02
5.890032573203500732e+01 3.905000000000000000e+02
2.996853735705948907e+02 7.802949770115296246e+01
8.942388155425118157e+01 2.228974267821174635e+02
8.390601830891179702e+01 6.721035873014610615e+02
1.218100961306039665e+02 4.165715929289409587e+02
0.000000000000000000e+00 3.421461953946394488e+02
2.891024691253488186e+02 2.572383298629603701e+02
3.256005943304583639e+02 2.011467529817256832e+02
2.929471187877790044e+02 1.683361788380903761e+02
2.346349826575572877e+02 4.860772935672255102e+01
1.002996408614166768e+01 2.198240877637868493e+02
2.166848534912939783e+02 2.309887577593405297e+02
1.750000000000000000e+01 3.597076812334268681e+01
1.970360331117451835e+01 2.424755089799794519e+02
2.736159176867570864e+02 2.426224183953805493e+02
0.000000000000000000e+00 8.328232907084537828e+02
5.000000000000000000e-01 1.379314779527724113e+02
3.317289634367434701e+02 5.568075283115542362e+01
2.283527669316527806e+02 1.472731618147924451e+02
8.414871608973787431e+01 9.113982437886616026e+02
4.819516742254630515e+01 4.393144406874904462e+02
4.275483399593904466e+01 1.471562728387955019e+02
2.314444378479642239e+02 1.008247308247159140e+02
1.406712261594486790e+02 6.440987936889458751e+02
1.269681427996864329e+02 3.150106297433205782e+02
2.629236009777593708e+01 1.788422179196008415e+02
1.028422991964766311e+02 2.348057100029411401e+02
6.113961030678927955e+01 3.236717339071551010e+02
1.293483977907960707e+02 3.101563608820393370e+02
1.960396685803620471e+02 8.904780172128657512e+01
2.258965849131724610e+02 1.557403235588198527e+02
4.797771785649585041e+01 2.010018427434995090e+02
1.837525167615192174e+02 5.386488268416781011e+01
3.126459979120788262e+02 5.550000000000000000e+01
2.179223219186296490e+02 4.698822604628585964e+02
5.500000000000000000e+00 2.110883891975404083e+02
4.782891812864647818e+01 3.040697310564107170e+02
9.124433316206372524e+01 4.322700541665674336e+02
3.044462493662367706e+02 1.732754249034830138e+02
0.000000000000000000e+00 2.675000000000000000e+02
9.550000000000000000e+01 8.681965069345042707e+01
7.550000000000000000e+01 6.780674103275883908e+02
1.929379696988279704e+02 0.000000000000000000e+00
5.450000000000000000e+01 3.363037780190770150e+02
4.346737973824481571e+01 3.289407941095965953e+02
2.185203610530034268e+02 5.580951894845300387e+01
1.730591068557823462e+02 5.158326913195983821e+01
2.150000000000000000e+01 2.078806074713161252e+02
0.000000000000000000e+00 2.438331078032346113e+02
8.500000000000000000e+00 3.141528067142307918e+02
3.582762530298219339e+00 8.410431227862627566e+02
1.913659330568421524e+02 1.284236418680751513e+02
2.152934801595309580e+02 6.207335035923533724e+02
5.474508712544684386e+01 1.954520143873257041e+02
2.149511439381269327e+02 1.103716084761797021e+02
1.007472759931224573e+02 2.362571988443489772e+02
1.290294643796590606e+02 4.794315304065506211e+02
0.000000000000000000e+00 1.073954048174899754e+02
1.256600561797629609e+02 1.306803288778038734e+02
2.539254277562972106e+02 1.515000000000000000e+02
1.500057375969835505e+02 9.321311299921238458e+01
2.710415873317986097e+02 6.857826454299134866e+02
7.450000000000000000e+01 6.478691259584821864e+02
2.283527669316527806e+02 1.989000993048414614e+02
1.216974234837422131e+02 7.124377595287578515e+02
0.000000000000000000e+00 1.330175265417724404e+02
0.000000000000000000e+00 2.264825320848732417e+02
4.550000000000000000e+01 1.966808223700263909e+02
1.441049112410631210e+02 2.097003770024926155e+02
1.848232500251904185e+02 1.764972066821155749e+02
2.980411785429743645e+02 2.505019762768662588e+02
2.685295186875407580e+02 1.587358520925169501e+02
1.209908903522846941e+02 7.072407977564766952e+02
1.137497311824848936e+02 1.546782427691568387e+02
1.725028571195338998e+02 1.905647559758124316e+02
2.052715091151816296e+02 4.225423508310672105e+02
8.748888820293313984e+01 1.607727778902533373e+02
4.560405388322277531e+01 3.118962467969361683e+02
2.723213749463701205e+01 7.929954431044843659e+02
